[MAPDATA_TEXT_OUTPUT]
MAPDATA_EXIST=1
TILESET_ID=1
MAP_WIDTH=40
MAP_HEIGHT=22
MAPLAYER=3
[--MAP_START--]
[MAPLAYER_1_START]
10,10,10,10,10,10,10,10,10,10,10,10,10,10,10,10,10,10,10,10,10,10,10,10,10,10,10,10,10,10,10,10,10,10,10,10,10,10,10,10,
10,100214,102244,102244,102244,102244,102244,102244,102244,102244,102244,102244,102244,102244,102244,102244,102244,102244,102244,102244,102244,102244,102244,102244,102244,102244,102244,102244,102244,102244,102244,102244,102244,102244,102244,102244,102041,10,32,10,
10,101414,104444,104444,104444,104444,104444,104444,104444,104444,104444,104444,104444,104444,104444,104444,104444,104444,104444,104444,104444,104444,104444,104444,104444,104444,104444,104444,104444,104444,104444,104444,104444,104444,104444,104444,104141,10,100011,10,
10,101414,104444,104444,104444,104444,104444,104444,104444,104444,104444,104444,104444,104444,104444,104444,104444,104444,104444,104444,104444,104444,104444,104444,104444,104444,104444,104444,104444,104444,104444,104444,104444,104444,104444,104444,104141,10,101111,10,
10,101414,104444,104444,104444,104444,104444,104444,104444,104444,104444,104444,104444,104444,104444,104444,104444,104444,104444,104444,104444,104444,104444,104444,104444,104444,104444,104444,104444,104444,104444,104444,104444,104444,104444,104444,104141,10,101111,10,
10,101414,104444,104444,104444,104444,104444,104444,104444,104444,104444,104444,104444,104444,104444,104444,104444,104444,104444,104444,104444,104444,104444,104444,104444,104444,104444,104444,104444,104444,104444,104444,104444,104444,104444,104444,104141,10,101111,10,
10,101414,104444,104444,104444,104444,104444,104444,104444,104444,104444,104444,104444,104444,104444,104444,104444,104444,104444,104444,104444,104444,104444,104444,104444,104444,104444,104444,104444,104444,104444,104444,104444,104444,104444,104444,104141,10,101111,10,
10,101414,104444,104444,104444,104444,104444,104444,104444,104444,104444,104444,104444,104444,104444,104444,104444,104444,104444,104444,104444,104444,104444,104444,104444,104444,104444,104444,104444,104444,104444,104444,104444,104444,104444,104444,104141,10,101111,10,
10,101414,104444,104444,104444,104444,104444,104444,104444,104444,104444,104444,104444,104444,104444,104444,104444,104444,104444,104444,104444,104444,104444,104444,104444,104444,104444,104444,104444,104444,104444,104444,104444,104444,104444,104444,104141,10,101111,10,
10,101414,104444,104444,104444,104444,104444,104444,104444,104444,104444,104444,104444,104444,104444,104444,104444,104444,104444,104444,104444,104444,104444,104444,104444,104444,104444,104444,104444,104444,104444,104444,104444,104444,104444,104444,104141,10,101111,10,
10,101414,104444,104444,104444,104444,104444,104444,104444,104444,104444,104444,104444,104444,104444,104444,104444,104444,104444,104444,104444,104444,104444,104444,104444,104444,104444,104444,104444,104444,104444,104444,104444,104444,104444,104444,104141,10,101111,10,
10,101414,104444,104444,104444,104444,104444,104444,104444,104444,104444,104444,104444,104444,104444,104444,104444,104444,104444,104444,104444,104444,104444,104444,104444,104444,104444,104444,104444,104444,104444,104444,104444,104444,104444,104444,104141,10,101111,10,
10,101414,104444,104444,104444,104444,104444,104444,104444,104444,104444,104444,104444,104444,104444,104444,104444,104444,104444,104444,104444,104444,104444,104444,104444,104444,104444,104444,104444,104444,104444,104444,104444,104444,104444,104444,104141,10,101100,10,
10,101414,104444,104444,104444,104444,104444,104444,104444,104444,104444,104444,104444,104444,104444,104444,104444,104444,104444,104444,104444,104444,104444,104444,104444,104444,104444,104444,104444,104444,104444,104444,104443,104422,104434,104444,104141,10,34,10,
10,101414,104444,104444,104444,104444,104444,104444,104444,104444,104444,104444,104444,104444,104444,104444,104444,104444,104444,104444,104444,104444,104444,104444,104444,104444,104444,104444,104444,104444,104444,104444,104141,43,101414,104444,104141,10,100011,10,
10,101414,104444,104444,104444,104444,104444,104444,104444,104444,104444,104444,104444,104444,104444,104444,104444,104444,104444,104444,104443,104422,104434,104443,104422,104422,104422,104422,104422,104422,104422,104422,104120,35,101402,104422,104131,10,101111,10,
10,101414,104444,104444,104444,104444,104444,104444,104444,104444,104444,104444,104444,104444,104444,104444,104444,104443,104422,104422,104120,33,101402,104131,11,11,11,11,11,11,11,11,11,11,11,11,101111,10,101111,10,
10,101414,104444,104444,104444,104444,104444,104444,104444,104444,104444,104444,104444,104444,104444,104444,104444,104141,11,11,11,11,11,101111,10,10,10,10,10,10,10,10,10,10,10,10,101111,10,101111,10,
10,101414,104444,104444,104444,104444,104444,104444,104444,104444,104443,104422,104434,104444,104444,104444,104444,104344,102244,102244,102244,102244,102244,103141,10,10,10,10,10,10,10,10,10,10,10,10,101111,10,101111,10,
10,101402,104422,104422,104422,104422,104422,104422,104422,104422,104120,32,101414,104444,104444,104444,104444,104444,104444,104444,104443,104422,104434,104141,10,10,10,10,10,10,10,10,10,10,10,10,101111,10,101111,10,
10,11,11,11,11,11,11,11,11,11,11,11,101402,104422,104422,104422,104422,104422,104422,104422,104120,33,101402,104120,10,10,10,10,10,10,10,10,10,10,10,10,101100,10,101100,10,
10,10,10,10,10,10,10,10,10,10,10,10,11,11,11,11,11,11,11,11,11,11,11,11,10,10,10,10,10,10,10,10,10,10,10,10,11,10,11,10,
[MAPLAYER_1_END]
[MAPLAYER_2_START]
100000,100000,100000,100000,100000,100000,100000,100000,100000,100000,100000,100000,104443,104422,104434,100000,100000,100000,100000,100000,100000,100000,104443,104422,104434,100000,100000,100000,100000,104444,104444,104444,104444,100000,100000,100000,100000,100000,100000,100000,
100000,100000,100000,100000,100000,100000,100000,100000,100000,100000,100000,100000,104141,36,101414,100000,100000,100000,100000,100000,100000,100000,104141,37,101414,100000,100000,100000,100000,104444,104444,104444,104444,100000,100000,100000,100000,104443,104422,104434,
100000,100000,100000,100000,100000,100000,100000,100000,100000,100000,100000,100000,104141,36,101414,100000,100000,100000,100000,100000,100000,100000,104141,37,101414,100000,100000,100000,100000,104444,104444,104444,104444,100000,100000,100000,100000,104141,38,101414,
100000,100000,100000,100000,100000,100000,100000,100000,100000,100000,100000,100000,104141,36,101414,100000,100000,100000,100000,100000,100000,100000,104141,37,101414,100000,100000,100000,100000,104444,104444,104444,104444,100000,100000,100000,100000,104344,102244,103444,
100000,100000,100000,100000,100000,100000,100000,100000,100000,100000,100000,100000,104141,36,101414,100000,100000,100000,100000,100000,100000,100000,104141,37,101414,100000,100000,100000,100000,104444,104444,104444,104444,100000,100000,100000,100000,100000,100000,100000,
100000,100000,100000,100000,100000,100000,100000,100000,100000,100000,100000,100000,104141,36,101414,100000,100000,100000,100000,100000,100000,100000,104141,37,101414,100000,100000,100000,100000,104444,104444,104444,104444,100000,100000,100000,100000,100000,100000,100000,
100000,100000,100000,100000,100000,100000,100000,100000,100000,100000,100000,100000,104141,36,101414,100000,100000,100000,100000,100000,100000,100000,104141,37,101414,100000,100000,100000,100000,104444,104444,104444,104444,100000,100000,100000,100000,100000,100000,100000,
100000,100000,100000,100000,100000,100000,100000,100000,100000,100000,100000,100000,104141,36,101414,100000,100000,100000,100000,100000,100000,100000,104141,37,101414,100000,100000,100000,100000,104444,104444,104444,104444,100000,100000,100000,100000,100000,100000,100000,
100000,100000,100000,100000,100000,100000,100000,100000,100000,100000,100000,100000,104141,36,101414,100000,100000,100000,100000,100000,100000,100000,104141,37,101414,100000,100000,100000,100000,104444,104444,104444,104444,100000,100000,100000,100000,100000,100000,100000,
100000,100000,100000,100000,100000,100000,100000,100000,100000,100000,100000,100000,104141,36,101414,100000,100000,100000,100000,100000,100000,100000,104141,37,101414,100000,100000,100000,100000,104444,104444,104444,104444,100000,100000,100000,100000,100000,100000,100000,
100000,100000,100000,100000,100000,100000,100000,100000,100000,100000,100000,100000,104141,36,101414,100000,100000,100000,100000,100000,100000,100000,104141,37,101414,100000,100000,100000,100000,104444,104444,104444,104444,100000,100000,100000,100000,100000,100000,100000,
100000,100000,100000,100000,100000,100000,100000,100000,100000,100000,100000,100000,104141,36,101414,100000,100000,100000,100000,100000,100000,100000,104141,37,101414,100000,100000,100000,100000,104444,104444,104444,104444,100000,100000,100000,100000,100000,100000,100000,
100000,100000,100000,100000,100000,100000,100000,100000,100000,100000,100000,100000,104141,36,101414,100000,100000,100000,100000,100000,100000,100000,104141,37,101414,100000,100000,100000,100000,104444,104444,104444,104444,100000,100000,100000,100000,100000,100000,100000,
100000,100000,100000,100000,100000,100000,100000,100000,100000,100000,100000,100000,104141,36,101414,100000,100000,100000,100000,100000,100000,100000,104141,37,101414,100000,100000,100000,100000,104444,104444,104444,104444,100000,100000,100000,100000,104443,104422,104434,
100000,100000,100000,100000,100000,100000,100000,100000,100000,100000,100000,100000,104141,36,101414,100000,100000,100000,100000,100000,100000,100000,104141,37,101414,100000,100000,100000,100000,104444,104444,104444,104444,100000,100000,104443,104422,104131,39,101414,
100000,100000,100000,100000,100000,100000,100000,100000,100000,100000,100000,100000,104141,36,101414,100000,100000,100000,100000,100000,100000,104443,104120,37,101414,100000,100000,100000,100000,104444,104444,104444,104444,100000,100000,104141,31,101314,102244,103444,
100000,100000,100000,100000,100000,100000,100000,100000,100000,100000,100000,100000,104141,36,101414,100000,100000,100000,100000,100000,100000,104141,29,37,101414,100000,100000,100000,100000,104444,104444,104444,104444,100000,100000,104344,102244,103444,100000,100000,
100000,100000,100000,100000,100000,100000,100000,100000,100000,100000,100000,100000,104141,36,101414,100000,100000,100000,100000,100000,100000,104344,102041,37,101414,100000,100000,100000,100000,104444,104444,104444,104444,100000,100000,100000,100000,100000,100000,100000,
100000,100000,100000,100000,100000,100000,100000,100000,100000,100000,100000,100000,104141,36,101414,100000,100000,100000,100000,100000,100000,100000,104141,37,101414,100000,100000,100000,100000,104444,104444,104444,104444,100000,100000,100000,100000,104443,104422,104434,
100000,100000,100000,100000,100000,100000,100000,100000,100000,100000,100000,104443,104120,36,101414,100000,100000,100000,100000,100000,100000,104443,104120,37,101414,100000,100000,100000,100000,104444,104444,104444,104444,100000,100000,104443,104422,104131,24,101414,
100000,100000,100000,100000,100000,100000,100000,100000,100000,100000,100000,104141,28,36,101414,100000,100000,100000,100000,100000,100000,104141,29,37,101414,100000,100000,100000,100000,104444,104444,104444,104444,100000,100000,104141,31,101111,30,101414,
100000,100000,100000,100000,100000,100000,100000,100000,100000,100000,100000,104344,102244,102244,103444,100000,100000,100000,100000,100000,100000,104344,102244,102244,103444,100000,100000,100000,100000,104444,104444,104444,104444,100000,100000,104344,102244,103344,102244,103444,
[MAPLAYER_2_END]
[MAPLAYER_3_START]
100000,100000,100000,100000,100000,100000,100000,100000,100000,100000,100000,100000,100000,100000,100000,100000,100000,100000,100000,100000,100000,100000,100000,100000,100000,100000,100000,100000,100000,100000,100000,100000,100000,100000,100000,100000,100000,100000,100000,100000,
100000,100000,100000,100000,100000,100000,100000,100000,100000,100000,100000,100000,100000,100000,100000,100000,100000,100000,100000,100000,100000,100000,100000,100000,100000,100000,100000,100000,100000,100000,100000,100000,100000,100000,100000,100000,100000,100000,100000,100000,
100000,100000,100000,100000,100000,100000,100000,100000,100000,100000,100000,100000,100000,100000,100000,100000,100000,100000,100000,100000,100000,100000,100000,100000,100000,100000,100000,100000,100000,100000,100000,100000,100000,100000,100000,100000,100000,100000,100000,100000,
100000,100000,100000,100000,100000,100000,100000,100000,100000,100000,100000,100000,100000,100000,100000,100000,100000,100000,100000,100000,100000,100000,100000,100000,100000,100000,100000,100000,100000,100000,100000,100000,100000,100000,100000,100000,100000,100000,100000,100000,
100000,100000,100000,100000,100000,100000,100000,100000,100000,100000,100000,100000,100000,100000,100000,100000,100000,100000,100000,100000,100000,100000,100000,100000,100000,100000,100000,100000,100000,100000,100000,100000,100000,100000,100000,100000,100000,100000,100000,100000,
100000,100000,100000,100000,100000,100000,100000,100000,100000,100000,100000,100000,100000,100000,100000,100000,100000,100000,100000,100000,100000,100000,100000,100000,100000,100000,100000,100000,100000,100000,100000,100000,100000,100000,100000,100000,100000,100000,100000,100000,
100000,100000,100000,100000,100000,100000,100000,100000,100000,100000,100000,100000,100000,100000,100000,100000,100000,100000,100000,100000,100000,100000,100000,100000,100000,100000,100000,100000,100000,100000,100000,100000,100000,100000,100000,100000,100000,100000,100000,100000,
100000,100000,100000,100000,100000,100000,100000,100000,100000,100000,100000,100000,100000,100000,100000,100000,100000,100000,100000,100000,100000,100000,100000,100000,100000,100000,100000,100000,100000,100000,100000,100000,100000,100000,100000,100000,100000,100000,100000,100000,
100000,100000,100000,100000,100000,100000,100000,100000,100000,100000,100000,100000,100000,100000,100000,100000,100000,100000,100000,100000,100000,100000,100000,100000,100000,100000,100000,100000,100000,100000,100000,100000,100000,100000,100000,100000,100000,100000,100000,100000,
100000,100000,100000,100000,100000,100000,100000,100000,100000,100000,100000,100000,100000,100000,100000,100000,100000,100000,100000,100000,100000,100000,100000,100000,100000,100000,100000,100000,100000,100000,100000,100000,100000,100000,100000,100000,100000,100000,100000,100000,
100000,100000,100000,100000,100000,100000,100000,100000,100000,100000,100000,100000,100000,100000,100000,100000,100000,100000,100000,100000,100000,100000,100000,100000,100000,100000,100000,100000,100000,100000,100000,100000,100000,100000,100000,100000,100000,100000,100000,100000,
100000,100000,100000,100000,100000,100000,100000,100000,100000,100000,100000,100000,100000,100000,100000,100000,100000,100000,100000,100000,100000,100000,100000,100000,100000,100000,100000,100000,100000,100000,100000,100000,100000,100000,100000,100000,100000,100000,100000,100000,
100000,100000,100000,100000,100000,100000,100000,100000,100000,100000,100000,100000,100000,100000,100000,100000,100000,100000,100000,100000,100000,100000,100000,100000,100000,100000,100000,100000,100000,100000,100000,100000,100000,100000,100000,100000,100000,100000,100000,100000,
100000,100000,100000,100000,100000,100000,100000,100000,100000,100000,100000,100000,100000,100000,100000,100000,100000,100000,100000,100000,100000,100000,100000,100000,100000,100000,100000,100000,100000,100000,100000,100000,100000,100000,100000,100000,100000,100000,100000,100000,
100000,100000,100000,100000,100000,100000,100000,100000,100000,100000,100000,100000,100000,100000,100000,100000,100000,100000,100000,100000,100000,100000,100000,100000,100000,100000,100000,100000,100000,100000,100000,100000,100000,100000,100000,100000,100000,100000,100000,100000,
100000,100000,100000,100000,100000,100000,100000,100000,100000,100000,100000,100000,100000,100000,100000,100000,100000,100000,100000,100000,100000,100000,100000,100000,100000,100000,100000,100000,100000,100000,100000,100000,100000,100000,100000,104443,104422,104434,100000,100000,
100000,100000,100000,100000,100000,100000,100000,100000,100000,100000,100000,100000,100000,100000,100000,100000,100000,100000,100000,100000,100000,100000,100000,100000,100000,100000,100000,100000,100000,100000,100000,100000,100000,100000,100000,104141,200011,101414,100000,100000,
100000,100000,100000,100000,100000,100000,100000,100000,100000,100000,100000,100000,100000,100000,100000,100000,100000,100000,100000,100000,100000,100000,100000,100000,100000,100000,100000,100000,100000,100000,100000,100000,100000,100000,100000,104141,201111,101414,100000,100000,
100000,100000,100000,100000,100000,100000,100000,100000,100000,100000,100000,100000,100000,100000,100000,100000,100000,100000,100000,100000,100000,100000,100000,100000,100000,100000,100000,100000,100000,100000,100000,100000,100000,100000,100000,104141,201111,101414,100000,100000,
100000,100000,100000,100000,100000,100000,100000,100000,100000,100000,100000,100000,100000,100000,100000,100000,100000,100000,100000,100000,100000,100000,100000,100000,100000,100000,100000,100000,100000,100000,100000,100000,100000,100000,100000,104141,201111,101414,100000,100000,
100000,100000,100000,100000,100000,100000,100000,100000,100000,100000,100000,100000,100000,100000,100000,100000,100000,100000,100000,100000,100000,100000,100000,100000,100000,100000,100000,100000,100000,100000,100000,100000,100000,100000,100000,104141,201100,101414,100000,100000,
100000,100000,100000,100000,100000,100000,100000,100000,100000,100000,100000,100000,100000,100000,100000,100000,100000,100000,100000,100000,100000,100000,100000,100000,100000,100000,100000,100000,100000,100000,100000,100000,100000,100000,100000,104344,102244,103444,100000,100000,
[MAPLAYER_3_END]
[--MAP_END--]
----------
[EVENTDATA_TEXT_OUTPUT]
EVENT_NUM=1
-----
EVENT_ID=0
EVENT_NAME=ブロックイベントひな形
EVENT_X=0
EVENT_Y=0
EVENT_PAGE=1
OPTION_DATA_NUM=0
EVENT_PAGE_NUM=1
EVENT_PAGE=0
EVENT_TILE_ID=-1
GRAPHIC_FILENAME=
EVENT_DIRECTION=2
EVENT_PATTERN=1
EVENT_OPACITY=255
EVENT_BLENDTYPE=0
EVENT_TRIGGER_TYPE=3
EVENT_CONDITION_0_USE=32
EVENT_CONDITION_TARGET_0=1000000
EVENT_CONDITION_VALUE_0=0
EVENT_CONDITION_1_USE=32
EVENT_CONDITION_TARGET_1=1000000
EVENT_CONDITION_VALUE_1=0
EVENT_CONDITION_2_USE=32
EVENT_CONDITION_TARGET_2=1000000
EVENT_CONDITION_VALUE_2=0
EVENT_CONDITION_3_USE=32
EVENT_CONDITION_TARGET_3=1000000
EVENT_CONDITION_VALUE_3=0
ANIME_SPEED=3
MOVE_SPEED=3
MOVE_FREQUENCY=3
MOVE_TYPE=0
CHARA_OPTION_FLAG=35
ROUTE_OPTION_FLAG=2
ROUTE_COMMAND_NUM=0
OPTION_VAL_NUM=3
OPTION_VAL_0=0
OPTION_VAL_1=0
OPTION_VAL_2=0
COMMAND_NUM=2
--
WoditorEvCOMMAND_START
[300][2,1]<0>(0,0)("[BLK]ブロック接触時イベント")
[0][0,0]<0>()()
WoditorEvCOMMAND_END
--
[COMMAND_TEXT_START]
■イベントの挿入[名]： ["[BLK]ブロック接触時イベント"] <コモンEv 95> 
■
[COMMAND_TEXT_END]
