[MAPDATA_TEXT_OUTPUT]
MAPDATA_EXIST=1
TILESET_ID=1
MAP_WIDTH=40
MAP_HEIGHT=45
MAPLAYER=3
[--MAP_START--]
[MAPLAYER_1_START]
10,10,10,10,10,10,10,10,10,10,10,10,10,10,10,10,10,10,10,10,10,10,10,10,10,10,10,10,10,10,10,10,10,10,10,10,10,10,10,10,
10,100214,102244,102244,102244,102244,102244,102244,102244,102244,102244,102244,102244,102244,102244,102244,102244,102244,102244,102244,102244,102244,102244,102244,102244,102244,102244,102244,102244,102244,102244,102244,102244,102244,102244,102244,102244,102244,102041,10,
10,101414,104444,104444,104444,104444,104444,104444,104444,104444,104444,104444,104444,104444,104444,104444,104444,104444,104444,104444,104444,104444,104444,104444,104444,104444,104444,104444,104444,104444,104444,104444,104444,104444,104444,104444,104444,104444,104141,10,
10,101414,104444,104444,104444,104444,104444,104444,104444,104444,104444,104444,104444,104444,104444,104444,104444,104444,104444,104444,104444,104444,104444,104444,104444,104444,104444,104444,104444,104444,104444,104444,104444,104444,104444,104444,104444,104444,104141,10,
10,101414,104444,104444,104444,104444,104444,104444,104444,104444,104444,104444,104444,104444,104444,104444,104444,104444,104444,104444,104444,104444,104444,104444,104444,104444,104444,104444,104444,104444,104444,104444,104444,104444,104444,104444,104444,104444,104141,10,
10,101414,104444,104444,104444,104444,104444,104444,104444,104444,104444,104444,104444,104444,104444,104444,104444,104444,104444,104444,104444,104444,104444,104444,104444,104444,104444,104444,104444,104444,104444,104444,104444,104444,104444,104444,104444,104444,104141,10,
10,101414,104444,104444,104444,104444,104444,104444,104444,104444,104444,104444,104444,104444,104444,104444,104444,104444,104444,104444,104444,104444,104444,104444,104444,104444,104444,104444,104444,104444,104444,104444,104444,104444,104444,104444,104444,104444,104141,10,
10,101414,104444,104444,104444,104444,104444,104444,104444,104444,104444,104444,104444,104444,104444,104444,104444,104444,104444,104444,104444,104444,104444,104444,104444,104444,104444,104444,104444,104444,104444,104444,104444,104444,104444,104444,104444,104444,104141,10,
10,101414,104444,104444,104444,104444,104444,104444,104444,104444,104444,104444,104444,104444,104444,104444,104444,104444,104444,104444,104444,104444,104444,104444,104444,104444,104444,104444,104444,104444,104444,104444,104444,104444,104444,104444,104444,104444,104141,10,
10,101414,104444,104444,104444,104444,104444,104444,104444,104444,104444,104444,104444,104444,104444,104444,104444,104444,104444,104444,104444,104444,104444,104444,104444,104444,104444,104444,104444,104444,104444,104444,104444,104444,104444,104444,104444,104444,104141,10,
10,101414,104444,104444,104444,104444,104444,104444,104444,104444,104444,104444,104444,104444,104444,104444,104444,104444,104444,104444,104444,104444,104444,104444,104444,104444,104444,104444,104444,104444,104444,104444,104444,104444,104444,104444,104444,104444,104141,10,
10,101414,104444,104444,104444,104444,104444,104444,104444,104444,104444,104444,104444,104444,104444,104444,104444,104444,104444,104444,104444,104444,104444,104444,104444,104444,104444,104444,104444,104444,104444,104444,104444,104444,104444,104444,104444,104444,104141,10,
10,101414,104444,104444,104444,104444,104444,104444,104444,104444,104444,104444,104444,104444,104444,104444,104444,104444,104444,104444,104444,104444,104444,104444,104444,104444,104444,104444,104444,104444,104444,104444,104444,104444,104444,104444,104444,104444,104141,10,
10,101414,104444,104444,104444,104444,104444,104444,104444,104444,104444,104444,104444,104444,104444,104444,104444,104444,104444,104444,104444,104444,104444,104444,104444,104444,104444,104444,104444,104444,104444,104444,104444,104444,104444,104444,104444,104444,104141,10,
10,101414,104444,104444,104444,104444,104444,104444,104444,104444,104444,104444,104444,104444,104444,104444,104444,104444,104444,104444,104444,104444,104444,104444,104444,104444,104444,104444,104444,104444,104444,104444,104444,104444,104444,104444,104444,104444,104141,10,
10,101414,104444,104444,104444,104444,104444,104444,104444,104444,104444,104444,104444,104444,104444,104444,104444,104444,104444,104444,104444,104444,104444,104444,104444,104444,104444,104444,104444,104444,104444,104444,104444,104444,104444,104444,104444,104444,104141,10,
10,101414,104444,104444,104444,104444,104444,104444,104444,104444,104444,104444,104444,104444,104444,104444,104444,104444,104444,104444,104444,104444,104444,104444,104444,104444,104444,104444,104444,104444,104444,104444,104444,104444,104444,104444,104444,104444,104141,10,
10,101414,104444,104444,104444,104444,104444,104444,104444,104444,104444,104444,104444,104444,104444,104444,104444,104444,104444,104444,104444,104444,104444,104444,104444,104444,104444,104444,104444,104444,104444,104444,104444,104444,104444,104444,104444,104444,104141,10,
10,101414,104444,104444,104444,104444,104444,104444,104444,104444,104444,104444,104444,104444,104444,104444,104444,104444,104444,104444,104444,104444,104444,104444,104444,104444,104444,104444,104444,104444,104444,104444,104444,104444,104444,104444,104444,104444,104141,10,
10,101414,104444,104444,104444,104444,104444,104444,104444,104444,104444,104444,104444,104444,104444,104444,104444,104444,104444,104444,104444,104444,104444,104444,104444,104444,104444,104444,104444,104444,104444,104444,104444,104444,104444,104444,104444,104444,104141,10,
10,101414,104444,104444,104444,104444,104444,104444,104444,104444,104444,104444,104444,104444,104444,104444,104444,104444,104444,104444,104444,104444,104444,104444,104444,104444,104444,104444,104444,104444,104444,104444,104444,104444,104444,104444,104444,104444,104141,10,
10,101414,104444,104444,104444,104444,104444,104444,104444,104444,104444,104444,104444,104444,104444,104444,104444,104444,104444,104444,104444,104444,104444,104444,104444,104444,104444,104444,104444,104444,104444,104444,104444,104444,104444,104444,104444,104444,104141,10,
10,101414,104444,104444,104444,104444,104444,104444,104444,104444,104444,104444,104444,104444,104444,104444,104444,104444,104444,104444,104444,104444,104444,104444,104444,104444,104444,104444,104444,104444,104444,104444,104444,104444,104444,104444,104444,104444,104141,10,
10,101414,104444,104444,104444,104444,104444,104444,104444,104444,104444,104444,104444,104444,104444,104444,104444,104444,104444,104444,104444,104444,104444,104444,104444,104444,104444,104444,104444,104444,104444,104444,104444,104444,104444,104444,104444,104444,104141,10,
10,101414,104444,104444,104444,104444,104444,104444,104444,104444,104444,104444,104444,104444,104444,104444,104444,104444,104444,104444,104444,104444,104444,104444,104444,104444,104444,104444,104444,104444,104444,104444,104444,104444,104444,104444,104444,104444,104141,10,
10,101414,104444,104444,104444,104444,104444,104444,104444,104444,104444,104444,104444,104444,104444,104444,104444,104444,104444,104444,104444,104444,104444,104444,104444,104444,104444,104444,104444,104444,104444,104444,104444,104444,104444,104444,104444,104444,104141,10,
10,101414,104444,104444,104444,104444,104444,104444,104444,104444,104444,104444,104444,104444,104444,104444,104444,104444,104444,104444,104444,104444,104444,104444,104444,104444,104444,104444,104444,104444,104444,104444,104444,104444,104444,104444,104444,104444,104141,10,
10,101414,104444,104444,104444,104444,104444,104444,104444,104444,104444,104444,104444,104444,104444,104444,104444,104444,104444,104444,104444,104444,104444,104444,104444,104444,104444,104444,104444,104444,104444,104444,104444,104444,104444,104444,104444,104444,104141,10,
10,101414,104444,104444,104444,104444,104444,104444,104444,104444,104444,104444,104444,104444,104444,104444,104444,104444,104444,104444,104444,104444,104444,104444,104444,104444,104444,104444,104444,104444,104444,104444,104444,104444,104444,104444,104444,104444,104141,10,
10,101414,104444,104444,104444,104444,104444,104444,104444,104444,104444,104444,104444,104444,104444,104444,104444,104444,104444,104444,104444,104444,104444,104444,104444,104444,104444,104444,104444,104444,104444,104444,104444,104444,104444,104444,104444,104444,104141,10,
10,101414,104444,104444,104444,104444,104444,104444,104444,104444,104444,104444,104444,104444,104444,104444,104444,104444,104444,104444,104444,104444,104444,104444,104444,104444,104444,104444,104444,104444,104444,104444,104444,104444,104444,104444,104444,104444,104141,10,
10,101414,104444,104444,104444,104444,104444,104444,104444,104444,104444,104444,104444,104444,104444,104444,104444,104444,104444,104444,104444,104444,104444,104444,104444,104444,104444,104444,104444,104444,104444,104444,104444,104444,104444,104444,104444,104444,104141,10,
10,101414,104444,104444,104444,104444,104444,104444,104444,104444,104444,104444,104444,104444,104444,104444,104444,104444,104444,104444,104444,104444,104444,104444,104444,104444,104444,104444,104444,104444,104444,104444,104444,104444,104444,104444,104444,104444,104141,10,
10,101414,104444,104444,104444,104444,104444,104444,104444,104444,104444,104444,104444,104444,104444,104444,104444,104444,104444,104444,104444,104444,104444,104444,104444,104444,104444,104444,104444,104444,104444,104444,104444,104444,104444,104444,104444,104444,104141,10,
10,101414,104444,104444,104444,104444,104444,104444,104444,104444,104444,104444,104444,104444,104444,104444,104444,104444,104444,104444,104444,104444,104444,104444,104444,104444,104444,104444,104444,104444,104444,104444,104444,104444,104444,104444,104444,104444,104141,10,
10,101414,104444,104444,104444,104444,104444,104444,104444,104444,104444,104444,104444,104444,104444,104444,104444,104444,104444,104444,104444,104444,104444,104444,104444,104444,104444,104444,104444,104444,104444,104444,104444,104444,104444,104444,104444,104444,104141,10,
10,101414,104444,104444,104444,104444,104444,104444,104444,104444,104444,104444,104444,104444,104444,104444,104444,104444,104444,104444,104444,104444,104444,104444,104444,104444,104444,104444,104444,104444,104444,104444,104444,104444,104444,104444,104444,104444,104141,10,
10,101414,104444,104444,104444,104444,104444,104444,104444,104444,104444,104444,104444,104444,104444,104444,104444,104444,104444,104444,104444,104444,104444,104444,104444,104444,104444,104444,104444,104444,104444,104444,104444,104444,104444,104444,104444,104444,104141,10,
10,101414,104444,104444,104444,104444,104444,104444,104444,104444,104444,104444,104444,104444,104444,104444,104444,104444,104444,104444,104444,104444,104444,104444,104444,104444,104444,104444,104444,104444,104444,104444,104444,104444,104444,104444,104444,104444,104141,10,
10,101414,104444,104444,104444,104444,104444,104444,104444,104444,104444,104444,104444,104444,104444,104444,104444,104444,104444,104444,104444,104444,104444,104444,104444,104444,104444,104444,104444,104444,104444,104444,104444,104444,104444,104444,104444,104444,104141,10,
10,101414,104444,104444,104444,104444,104444,104444,104444,104444,104444,104444,104444,104444,104444,104444,104444,104444,104444,104444,104444,104444,104444,104444,104444,104444,104444,104444,104444,104444,104444,104444,104444,104444,104444,104444,104444,104444,104141,10,
10,101414,104444,104444,104444,104444,104444,104444,104444,104444,104444,104444,104444,104444,104444,104444,104444,104444,104444,104444,104444,104444,104444,104444,104444,104444,104444,104444,104444,104444,104444,104444,104444,104444,104444,104444,104444,104444,104141,10,
10,101414,104444,104444,104444,104444,104444,104444,104444,104444,104444,104444,104444,104444,104444,104444,104444,104444,104444,104444,104444,104444,104444,104444,104444,104444,104444,104444,104444,104444,104444,104444,104444,104444,104444,104444,104444,104444,104141,10,
10,101402,104422,104422,104422,104422,104422,104422,104422,104422,104422,104422,104422,104422,104422,104422,104422,104422,104422,104422,104422,104422,104422,104422,104422,104422,104422,104422,104422,104422,104422,104422,104422,104422,104422,104422,104422,104422,104120,10,
10,10,10,10,10,10,10,10,10,10,10,10,10,10,10,10,10,10,10,10,10,10,10,10,10,10,10,10,10,10,10,10,10,10,10,10,10,10,10,10,
[MAPLAYER_1_END]
[MAPLAYER_2_START]
100000,100000,100000,100000,100000,100000,100000,100000,100000,100000,100000,100000,100000,100000,100000,100000,100000,100000,100000,100000,100000,100000,100000,100000,100000,100000,100000,100000,100000,100000,100000,100000,100000,100000,100000,100000,100000,100000,100000,100000,
100000,100000,100000,100000,100000,100000,100000,100000,100000,100000,100000,100000,100000,100000,100000,100000,100000,100000,100000,100000,100000,100000,100000,100000,100000,100000,100000,100000,100000,100000,100000,100000,100000,100000,100000,100000,100000,100000,100000,100000,
100000,100000,100000,100000,100000,100000,100000,100000,100000,100000,100000,100000,100000,100000,100000,100000,100000,100000,100000,100000,100000,100000,100000,100000,100000,100000,100000,100000,100000,100000,100000,100000,100000,100000,100000,100000,100000,100000,100000,100000,
100000,100000,100000,100000,100000,100000,100000,100000,100000,100000,100000,100000,100000,100000,100000,100000,100000,100000,100000,100000,100000,100000,100000,100000,100000,100000,100000,100000,100000,100000,100000,100000,100000,100000,100000,100000,100000,100000,100000,100000,
100000,100000,100000,100000,100000,100000,100000,100000,100000,100000,100000,100000,100000,100000,100000,100000,100000,100000,100000,100000,100000,100000,100000,100000,100000,100000,100000,100000,100000,100000,100000,100000,100000,100000,100000,100000,100000,100000,100000,100000,
100000,100000,100000,100000,100000,100000,100000,100000,100000,100000,100000,100000,100000,100000,100000,100000,100000,100000,100000,100000,100000,100000,100000,100000,100000,100000,100000,100000,100000,100000,100000,100000,100000,100000,100000,100000,100000,100000,100000,100000,
100000,100000,100000,100000,100000,100000,100000,100000,100000,100000,100000,100000,100000,100000,100000,100000,100000,100000,100000,100000,100000,100000,100000,100000,100000,100000,100000,100000,100000,100000,100000,100000,100000,100000,100000,100000,100000,100000,100000,100000,
100000,100000,100000,100000,100000,100000,100000,100000,100000,100000,100000,100000,100000,100000,100000,100000,100000,100000,100000,100000,100000,100000,100000,100000,100000,100000,100000,100000,100000,100000,100000,100000,100000,100000,100000,100000,100000,100000,100000,100000,
100000,100000,100000,100000,100000,100000,100000,100000,100000,100000,100000,100000,100000,100000,100000,100000,100000,100000,100000,100000,100000,100000,100000,100000,100000,100000,100000,100000,100000,100000,100000,100000,100000,100000,100000,100000,100000,100000,100000,100000,
100000,100000,100000,100000,100000,100000,100000,100000,100000,100000,100000,100000,100000,100000,100000,100000,100000,100000,100000,100000,100000,100000,100000,100000,100000,100000,100000,100000,100000,100000,100000,100000,100000,100000,100000,100000,100000,100000,100000,100000,
100000,100000,100000,100000,100000,100000,100000,100000,100000,100000,100000,100000,100000,100000,100000,100000,100000,100000,100000,100000,100000,100000,100000,100000,100000,100000,100000,100000,100000,100000,100000,100000,100000,100000,100000,100000,100000,100000,100000,100000,
100000,100000,100000,100000,100000,100000,100000,100000,100000,100000,100000,100000,100000,100000,100000,100000,100000,100000,100000,100000,100000,100000,100000,100000,100000,100000,100000,100000,100000,100000,100000,100000,100000,100000,100000,100000,100000,100000,100000,100000,
100000,100000,100000,100000,100000,100000,100000,100000,100000,100000,100000,100000,100000,100000,100000,100000,100000,100000,100000,100000,100000,100000,100000,100000,100000,100000,100000,100000,100000,100000,100000,100000,100000,100000,100000,100000,100000,100000,100000,100000,
100000,100000,100000,100000,100000,100000,100000,100000,100000,100000,100000,100000,100000,100000,100000,100000,100000,100000,100000,100000,100000,100000,100000,100000,100000,100000,100000,100000,100000,100000,100000,100000,100000,100000,100000,100000,100000,100000,100000,100000,
100000,100000,100000,100000,100000,100000,100000,100000,100000,100000,100000,100000,100000,100000,100000,100000,100000,100000,100000,100000,100000,100000,100000,100000,100000,100000,100000,100000,100000,100000,100000,100000,100000,100000,100000,100000,100000,100000,100000,100000,
100000,100000,100000,100000,100000,100000,100000,100000,100000,100000,100000,100000,100000,100000,100000,100000,100000,100000,100000,100000,100000,100000,100000,100000,100000,100000,100000,100000,100000,100000,100000,100000,100000,100000,100000,100000,100000,100000,100000,100000,
100000,100000,100000,100000,100000,100000,100000,100000,100000,100000,100000,100000,100000,100000,100000,100000,100000,100000,100000,100000,100000,100000,100000,100000,100000,100000,100000,100000,100000,100000,100000,100000,100000,100000,100000,100000,100000,100000,100000,100000,
100000,100000,100000,100000,100000,100000,100000,100000,100000,100000,100000,100000,100000,100000,100000,100000,100000,100000,100000,100000,100000,100000,100000,100000,100000,100000,100000,100000,100000,100000,100000,100000,100000,100000,100000,100000,100000,100000,100000,100000,
100000,100000,100000,100000,100000,100000,100000,100000,100000,100000,100000,100000,100000,100000,100000,100000,100000,100000,100000,100000,100000,100000,100000,100000,100000,100000,100000,100000,100000,100000,100000,100000,100000,100000,100000,100000,100000,100000,100000,100000,
100000,100000,100000,100000,100000,100000,100000,100000,100000,100000,100000,100000,100000,100000,100000,100000,100000,100000,100000,100000,100000,100000,100000,100000,100000,100000,100000,100000,100000,100000,100000,100000,100000,100000,100000,100000,100000,100000,100000,100000,
100000,100000,100000,100000,100000,100000,100000,100000,100000,100000,100000,100000,100000,100000,100000,100000,100000,100000,100000,100000,100000,100000,100000,100000,100000,100000,100000,100000,100000,100000,100000,100000,100000,100000,100000,100000,100000,100000,100000,100000,
100000,100000,100000,100000,100000,100000,100000,100000,100000,100000,100000,100000,100000,100000,100000,100000,100000,100000,100000,100000,100000,100000,100000,100000,100000,100000,100000,100000,100000,100000,100000,100000,100000,100000,100000,100000,100000,100000,100000,100000,
100000,100000,100000,100000,100000,100000,100000,100000,100000,100000,100000,100000,100000,100000,100000,100000,100000,100000,100000,100000,100000,100000,100000,100000,100000,100000,100000,100000,100000,100000,100000,100000,100000,100000,100000,100000,100000,100000,100000,100000,
100000,100000,100000,100000,100000,100000,100000,100000,100000,100000,100000,100000,100000,100000,100000,100000,100000,100000,100000,100000,100000,100000,100000,100000,100000,100000,100000,100000,100000,100000,100000,100000,100000,100000,100000,100000,100000,100000,100000,100000,
100000,100000,100000,100000,100000,100000,100000,100000,100000,100000,100000,100000,100000,100000,100000,100000,100000,100000,100000,100000,100000,100000,100000,100000,100000,100000,100000,100000,100000,100000,100000,100000,100000,100000,100000,100000,100000,100000,100000,100000,
100000,100000,100000,100000,100000,100000,100000,100000,100000,100000,100000,100000,100000,100000,100000,100000,100000,100000,100000,100000,100000,100000,100000,100000,100000,100000,100000,100000,100000,100000,100000,100000,100000,100000,100000,100000,100000,100000,100000,100000,
100000,100000,100000,100000,100000,100000,100000,100000,100000,100000,100000,100000,100000,100000,100000,100000,100000,100000,100000,100000,100000,100000,100000,100000,100000,100000,100000,100000,100000,100000,100000,100000,100000,100000,100000,100000,100000,100000,100000,100000,
100000,100000,100000,100000,100000,100000,100000,100000,100000,100000,100000,100000,100000,100000,100000,100000,100000,100000,100000,100000,100000,100000,100000,100000,100000,100000,100000,100000,100000,100000,100000,100000,100000,100000,100000,100000,100000,100000,100000,100000,
100000,100000,100000,100000,100000,100000,100000,100000,100000,100000,100000,100000,100000,100000,100000,100000,100000,100000,100000,100000,100000,100000,100000,100000,100000,100000,100000,100000,100000,100000,100000,100000,100000,100000,100000,100000,100000,100000,100000,100000,
100000,100000,100000,100000,100000,100000,100000,100000,100000,100000,100000,100000,100000,100000,100000,100000,100000,100000,100000,100000,100000,100000,100000,100000,100000,100000,100000,100000,100000,100000,100000,100000,100000,100000,100000,100000,100000,100000,100000,100000,
100000,100000,100000,100000,100000,100000,100000,100000,100000,100000,100000,100000,100000,100000,100000,100000,100000,100000,100000,100000,100000,100000,100000,100000,100000,100000,100000,100000,100000,100000,100000,100000,100000,100000,100000,100000,100000,100000,100000,100000,
100000,100000,100000,100000,100000,100000,100000,100000,100000,100000,100000,100000,100000,100000,100000,100000,100000,100000,100000,100000,100000,100000,100000,100000,100000,100000,100000,100000,100000,100000,100000,100000,100000,100000,100000,100000,100000,100000,100000,100000,
100000,100000,100000,100000,100000,100000,100000,100000,100000,100000,100000,100000,100000,100000,100000,100000,100000,100000,100000,100000,100000,100000,100000,100000,100000,100000,100000,100000,100000,100000,100000,100000,100000,100000,100000,100000,100000,100000,100000,100000,
100000,100000,100000,100000,100000,100000,100000,100000,100000,100000,100000,100000,100000,100000,100000,100000,100000,100000,100000,100000,100000,100000,100000,100000,100000,100000,100000,100000,100000,100000,100000,100000,100000,100000,100000,100000,100000,100000,100000,100000,
100000,100000,100000,100000,100000,100000,100000,100000,100000,100000,100000,100000,100000,100000,100000,100000,100000,100000,100000,100000,100000,100000,100000,100000,100000,100000,100000,100000,100000,100000,100000,100000,100000,100000,100000,100000,100000,100000,100000,100000,
100000,100000,100000,100000,100000,100000,100000,100000,100000,100000,100000,100000,100000,100000,100000,100000,100000,100000,100000,100000,100000,100000,100000,100000,100000,100000,100000,100000,100000,100000,100000,100000,100000,100000,100000,100000,100000,100000,100000,100000,
100000,100000,100000,100000,100000,100000,100000,100000,100000,100000,100000,100000,100000,100000,100000,100000,100000,100000,100000,100000,100000,100000,100000,100000,100000,100000,100000,100000,100000,100000,100000,100000,100000,100000,100000,100000,100000,100000,100000,100000,
100000,100000,100000,100000,100000,100000,100000,100000,100000,100000,100000,100000,100000,100000,100000,100000,100000,100000,100000,100000,100000,100000,100000,100000,100000,100000,100000,100000,100000,100000,100000,100000,100000,100000,100000,100000,100000,100000,100000,100000,
100000,100000,100000,100000,100000,100000,100000,100000,100000,100000,100000,100000,100000,100000,100000,100000,100000,100000,100000,100000,100000,100000,100000,100000,100000,100000,100000,100000,100000,100000,100000,100000,100000,100000,100000,100000,100000,100000,100000,100000,
100000,100000,100000,100000,100000,100000,100000,100000,100000,100000,100000,100000,100000,100000,100000,100000,100000,100000,100000,100000,100000,100000,100000,100000,100000,100000,100000,100000,100000,100000,100000,100000,100000,100000,100000,100000,100000,100000,100000,100000,
100000,100000,100000,100000,100000,100000,100000,100000,100000,100000,100000,100000,100000,100000,100000,100000,100000,100000,100000,100000,100000,100000,100000,100000,100000,100000,100000,100000,100000,100000,100000,100000,100000,100000,100000,100000,100000,100000,100000,100000,
100000,100000,100000,100000,100000,100000,100000,100000,100000,100000,100000,100000,100000,100000,100000,100000,100000,100000,100000,100000,100000,100000,100000,100000,100000,100000,100000,100000,100000,100000,100000,100000,100000,100000,100000,100000,100000,100000,100000,100000,
100000,100000,100000,100000,100000,100000,100000,100000,100000,100000,100000,100000,100000,100000,100000,100000,100000,100000,100000,100000,100000,100000,100000,100000,100000,100000,100000,100000,100000,100000,100000,100000,100000,100000,100000,100000,100000,100000,100000,100000,
100000,100000,100000,100000,100000,100000,100000,100000,100000,100000,100000,100000,100000,100000,100000,100000,100000,100000,100000,100000,100000,100000,100000,100000,100000,100000,100000,100000,100000,100000,100000,100000,100000,100000,100000,100000,100000,100000,100000,100000,
100000,100000,100000,100000,100000,100000,100000,100000,100000,100000,100000,100000,100000,100000,100000,100000,100000,100000,100000,100000,100000,100000,100000,100000,100000,100000,100000,100000,100000,100000,100000,100000,100000,100000,100000,100000,100000,100000,100000,100000,
[MAPLAYER_2_END]
[MAPLAYER_3_START]
100000,100000,100000,100000,100000,100000,100000,100000,100000,100000,100000,100000,100000,100000,100000,100000,100000,100000,100000,100000,100000,100000,100000,100000,100000,100000,100000,100000,100000,100000,100000,100000,100000,100000,100000,100000,100000,100000,100000,100000,
100000,100000,100000,100000,100000,100000,100000,100000,100000,100000,100000,100000,100000,100000,100000,100000,100000,100000,100000,100000,100000,100000,100000,100000,100000,100000,100000,100000,100000,100000,100000,100000,100000,100000,100000,100000,100000,100000,100000,100000,
100000,100000,100000,100000,100000,100000,100000,100000,100000,100000,100000,100000,100000,100000,100000,100000,100000,100000,100000,100000,100000,100000,100000,100000,100000,100000,100000,100000,100000,100000,100000,100000,100000,100000,100000,100000,100000,100000,100000,100000,
100000,100000,100000,100000,100000,100000,100000,100000,100000,100000,100000,100000,100000,100000,100000,100000,100000,100000,100000,100000,100000,100000,100000,100000,100000,100000,100000,100000,100000,100000,100000,100000,100000,100000,100000,100000,100000,100000,100000,100000,
100000,100000,100000,100000,100000,100000,100000,100000,100000,100000,100000,100000,100000,100000,100000,100000,100000,100000,100000,100000,100000,100000,100000,100000,100000,100000,100000,100000,100000,100000,100000,100000,100000,100000,100000,100000,100000,100000,100000,100000,
100000,100000,100000,100000,100000,100000,100000,100000,100000,100000,100000,100000,100000,100000,100000,100000,100000,100000,100000,100000,100000,100000,100000,100000,100000,100000,100000,100000,100000,100000,100000,100000,100000,100000,100000,100000,100000,100000,100000,100000,
100000,100000,100000,100000,100000,100000,100000,100000,100000,100000,100000,100000,100000,100000,100000,100000,100000,100000,100000,100000,100000,100000,100000,100000,100000,100000,100000,100000,100000,100000,100000,100000,100000,100000,100000,100000,100000,100000,100000,100000,
100000,100000,100000,100000,100000,100000,100000,100000,100000,100000,100000,100000,100000,100000,100000,100000,100000,100000,100000,100000,100000,100000,100000,100000,100000,100000,100000,100000,100000,100000,100000,100000,100000,100000,100000,100000,100000,100000,100000,100000,
100000,100000,100000,100000,100000,100000,100000,100000,100000,100000,100000,100000,100000,100000,100000,100000,100000,100000,100000,100000,100000,100000,100000,100000,100000,100000,100000,100000,100000,100000,100000,100000,100000,100000,100000,100000,100000,100000,100000,100000,
100000,100000,100000,100000,100000,100000,100000,100000,100000,100000,100000,100000,100000,100000,100000,100000,100000,100000,100000,100000,100000,100000,100000,100000,100000,100000,100000,100000,100000,100000,100000,100000,100000,100000,100000,100000,100000,100000,100000,100000,
100000,100000,100000,100000,100000,100000,100000,100000,100000,100000,100000,100000,100000,100000,100000,100000,100000,100000,100000,100000,100000,100000,100000,100000,100000,100000,100000,100000,100000,100000,100000,100000,100000,100000,100000,100000,100000,100000,100000,100000,
100000,100000,100000,100000,100000,100000,100000,100000,100000,100000,100000,100000,100000,100000,100000,100000,100000,100000,100000,100000,100000,100000,100000,100000,100000,100000,100000,100000,100000,100000,100000,100000,100000,100000,100000,100000,100000,100000,100000,100000,
100000,100000,100000,100000,100000,100000,100000,100000,100000,100000,100000,100000,100000,100000,100000,100000,100000,100000,100000,100000,100000,100000,100000,100000,100000,100000,100000,100000,100000,100000,100000,100000,100000,100000,100000,100000,100000,100000,100000,100000,
100000,100000,100000,100000,100000,100000,100000,100000,100000,100000,100000,100000,100000,100000,100000,100000,100000,100000,100000,100000,100000,100000,100000,100000,100000,100000,100000,100000,100000,100000,100000,100000,100000,100000,100000,100000,100000,100000,100000,100000,
100000,100000,100000,100000,100000,100000,100000,100000,100000,100000,100000,100000,100000,100000,100000,100000,100000,100000,100000,100000,100000,100000,100000,100000,100000,100000,100000,100000,100000,100000,100000,100000,100000,100000,100000,100000,100000,100000,100000,100000,
100000,100000,100000,100000,100000,100000,100000,100000,100000,100000,100000,100000,100000,100000,100000,100000,100000,100000,100000,100000,100000,100000,100000,100000,100000,100000,100000,100000,100000,100000,100000,100000,100000,100000,100000,100000,100000,100000,100000,100000,
100000,100000,100000,100000,100000,100000,100000,100000,100000,100000,100000,100000,100000,100000,100000,100000,100000,100000,100000,100000,100000,100000,100000,100000,100000,100000,100000,100000,100000,100000,100000,100000,100000,100000,100000,100000,100000,100000,100000,100000,
100000,100000,100000,100000,100000,100000,100000,100000,100000,100000,100000,100000,100000,100000,100000,100000,100000,100000,100000,100000,100000,100000,100000,100000,100000,100000,100000,100000,100000,100000,100000,100000,100000,100000,100000,100000,100000,100000,100000,100000,
100000,100000,100000,100000,100000,100000,100000,100000,100000,100000,100000,100000,100000,100000,100000,100000,100000,100000,100000,100000,100000,100000,100000,100000,100000,100000,100000,100000,100000,100000,100000,100000,100000,100000,100000,100000,100000,100000,100000,100000,
100000,100000,100000,100000,100000,100000,100000,100000,100000,100000,100000,100000,100000,100000,100000,100000,100000,100000,100000,100000,100000,100000,100000,100000,100000,100000,100000,100000,100000,100000,100000,100000,100000,100000,100000,100000,100000,100000,100000,100000,
100000,100000,100000,100000,100000,100000,100000,100000,100000,100000,100000,100000,100000,100000,100000,100000,100000,100000,100000,100000,100000,100000,100000,100000,100000,100000,100000,100000,100000,100000,100000,100000,100000,100000,100000,100000,100000,100000,100000,100000,
100000,100000,100000,100000,100000,100000,100000,100000,100000,100000,100000,100000,100000,100000,100000,100000,100000,100000,100000,100000,100000,100000,100000,100000,100000,100000,100000,100000,100000,100000,100000,100000,100000,100000,100000,100000,100000,100000,100000,100000,
100000,100000,100000,100000,100000,100000,100000,100000,100000,100000,100000,100000,100000,100000,100000,100000,100000,100000,100000,100000,100000,100000,100000,100000,100000,100000,100000,100000,100000,100000,100000,100000,100000,100000,100000,100000,100000,100000,100000,100000,
100000,100000,100000,100000,100000,100000,100000,100000,100000,100000,100000,100000,100000,100000,100000,100000,100000,100000,100000,100000,100000,100000,100000,100000,100000,100000,100000,100000,100000,100000,100000,100000,100000,100000,100000,100000,100000,100000,100000,100000,
100000,100000,100000,100000,100000,100000,100000,100000,100000,100000,100000,100000,100000,100000,100000,100000,100000,100000,100000,100000,100000,100000,100000,100000,100000,100000,100000,100000,100000,100000,100000,100000,100000,100000,100000,100000,100000,100000,100000,100000,
100000,100000,100000,100000,100000,100000,100000,100000,100000,100000,100000,100000,100000,100000,100000,100000,100000,100000,100000,100000,100000,100000,100000,100000,100000,100000,100000,100000,100000,100000,100000,100000,100000,100000,100000,100000,100000,100000,100000,100000,
100000,100000,100000,100000,100000,100000,100000,100000,100000,100000,100000,100000,100000,100000,100000,100000,100000,100000,100000,100000,100000,100000,100000,100000,100000,100000,100000,100000,100000,100000,100000,100000,100000,100000,100000,100000,100000,100000,100000,100000,
100000,100000,100000,100000,100000,100000,100000,100000,100000,100000,100000,100000,100000,100000,100000,100000,100000,100000,100000,100000,100000,100000,100000,100000,100000,100000,100000,100000,100000,100000,100000,100000,100000,100000,100000,100000,100000,100000,100000,100000,
100000,100000,100000,100000,100000,100000,100000,100000,100000,100000,100000,100000,100000,100000,100000,100000,100000,100000,100000,100000,100000,100000,100000,100000,100000,100000,100000,100000,100000,100000,100000,100000,100000,100000,100000,100000,100000,100000,100000,100000,
100000,100000,100000,100000,100000,100000,100000,100000,100000,100000,100000,100000,100000,100000,100000,100000,100000,100000,100000,100000,100000,100000,100000,100000,100000,100000,100000,100000,100000,100000,100000,100000,100000,100000,100000,100000,100000,100000,100000,100000,
100000,100000,100000,100000,100000,100000,100000,100000,100000,100000,100000,100000,100000,100000,100000,100000,100000,100000,100000,100000,100000,100000,100000,100000,100000,100000,100000,100000,100000,100000,100000,100000,100000,100000,100000,100000,100000,100000,100000,100000,
100000,100000,100000,100000,100000,100000,100000,100000,100000,100000,100000,100000,100000,100000,100000,100000,100000,100000,100000,100000,100000,100000,100000,100000,100000,100000,100000,100000,100000,100000,100000,100000,100000,100000,100000,100000,100000,100000,100000,100000,
100000,100000,100000,100000,100000,100000,100000,100000,100000,100000,100000,100000,100000,100000,100000,100000,100000,100000,100000,100000,100000,100000,100000,100000,100000,100000,100000,100000,100000,100000,100000,100000,100000,100000,100000,100000,100000,100000,100000,100000,
100000,100000,100000,100000,100000,100000,100000,100000,100000,100000,100000,100000,100000,100000,100000,100000,100000,100000,100000,100000,100000,100000,100000,100000,100000,100000,100000,100000,100000,100000,100000,100000,100000,100000,100000,100000,100000,100000,100000,100000,
100000,100000,100000,100000,100000,100000,100000,100000,100000,100000,100000,100000,100000,100000,100000,100000,100000,100000,100000,100000,100000,100000,100000,100000,100000,100000,100000,100000,100000,100000,100000,100000,100000,100000,100000,100000,100000,100000,100000,100000,
100000,100000,100000,100000,100000,100000,100000,100000,100000,100000,100000,100000,100000,100000,100000,100000,100000,100000,100000,100000,100000,100000,100000,100000,100000,100000,100000,100000,100000,100000,100000,100000,100000,100000,100000,100000,100000,100000,100000,100000,
100000,100000,100000,100000,100000,100000,100000,100000,100000,100000,100000,100000,100000,100000,100000,100000,100000,100000,100000,100000,100000,100000,100000,100000,100000,100000,100000,100000,100000,100000,100000,100000,100000,100000,100000,100000,100000,100000,100000,100000,
100000,100000,100000,100000,100000,100000,100000,100000,100000,100000,100000,100000,100000,100000,100000,100000,100000,100000,100000,100000,100000,100000,100000,100000,100000,100000,100000,100000,100000,100000,100000,100000,100000,100000,100000,100000,100000,100000,100000,100000,
100000,100000,100000,100000,100000,100000,100000,100000,100000,100000,100000,100000,100000,100000,100000,100000,100000,100000,100000,100000,100000,100000,100000,100000,100000,100000,100000,100000,100000,100000,100000,100000,100000,100000,100000,100000,100000,100000,100000,100000,
100000,100000,100000,100000,100000,100000,100000,100000,100000,100000,100000,100000,100000,100000,100000,100000,100000,100000,100000,100000,100000,100000,100000,100000,100000,100000,100000,100000,100000,100000,100000,100000,100000,100000,100000,100000,100000,100000,100000,100000,
100000,100000,100000,100000,100000,100000,100000,100000,100000,100000,100000,100000,100000,100000,100000,100000,100000,100000,100000,100000,100000,100000,100000,100000,100000,100000,100000,100000,100000,100000,100000,100000,100000,100000,100000,100000,100000,100000,100000,100000,
100000,100000,100000,100000,100000,100000,100000,100000,100000,100000,100000,100000,100000,100000,100000,100000,100000,100000,100000,100000,100000,100000,100000,100000,100000,100000,100000,100000,100000,100000,100000,100000,100000,100000,100000,100000,100000,100000,100000,100000,
100000,100000,100000,100000,100000,100000,100000,100000,100000,100000,100000,100000,100000,100000,100000,100000,100000,100000,100000,100000,100000,100000,100000,100000,100000,100000,100000,100000,100000,100000,100000,100000,100000,100000,100000,100000,100000,100000,100000,100000,
100000,100000,100000,100000,100000,100000,100000,100000,100000,100000,100000,100000,100000,100000,100000,100000,100000,100000,100000,100000,100000,100000,100000,100000,100000,100000,100000,100000,100000,100000,100000,100000,100000,100000,100000,100000,100000,100000,100000,100000,
100000,100000,100000,100000,100000,100000,100000,100000,100000,100000,100000,100000,100000,100000,100000,100000,100000,100000,100000,100000,100000,100000,100000,100000,100000,100000,100000,100000,100000,100000,100000,100000,100000,100000,100000,100000,100000,100000,100000,100000,
[MAPLAYER_3_END]
[--MAP_END--]
----------
[EVENTDATA_TEXT_OUTPUT]
EVENT_NUM=0
